
#taken from https://twiki.cern.ch/twiki/bin/view/LHCPhysics/SUSYCrossSections13TeVgluglu
{
200 : [3574.52 , 14.0616 ],
205 : [3183.21 , 14.0078 ],
210 : [2832.93 , 13.9497 ],
215 : [2528.15 , 13.9683 ],
220 : [2259.15 , 14.1828 ],
225 : [2021.29 , 13.8804 ],
230 : [1813.06 , 14.0218 ],
235 : [1630.97 , 13.7824 ],
240 : [1468.71 , 14.1371 ],
245 : [1321.73 , 14.1639 ],
250 : [1190.35 , 13.79	 ],
255 : [1079.09 , 14.1224 ],
260 : [974.613 , 13.8033 ],
265 : [884.867 , 13.9004 ],
270 : [803.354 , 13.9615 ],
275 : [730.663 , 13.9062 ],
280 : [664.936 , 13.9583 ],
285 : [605.955 , 13.8771 ],
290 : [553.028 , 13.9562 ],
295 : [505.51 , 13.892	 ],
300 : [462.593 , 13.8965 ],
305 : [423.86 , 13.8693	 ],
310 : [388.489 , 13.931	 ],
315 : [357.206 , 13.9637 ],
320 : [328.507 , 13.8359 ],
325 : [302.328 , 13.7667 ],
330 : [278.679 , 13.9051 ],
335 : [257.028 , 14.0072 ],
340 : [236.848 , 13.8858 ],
345 : [219.27 , 13.9344	 ],
350 : [202.663 , 14.0017 ],
355 : [188.12 , 13.9853	 ],
360 : [174.5 , 13.9599	 ],
365 : [161.954 , 13.9485 ],
370 : [150.415 , 13.8693 ],
375 : [139.838 , 13.7851 ],
380 : [129.783 , 14.1158 ],
385 : [121.226 , 13.8818 ],
390 : [112.715 , 13.7689 ],
395 : [105.154 , 13.5329 ],
400 : [98.0459 , 13.8343 ],
405 : [91.457 , 13.8074	 ],
410 : [85.32 , 13.8223	 ],
415 : [79.7218 , 13.8008 ],
420 : [74.5365 , 13.8464 ],
425 : [69.7057 , 13.796	 ],
430 : [65.2467 , 13.8063 ],
435 : [61.0917 , 13.7678 ],
440 : [57.2741 , 13.8107 ],
445 : [53.7048 , 13.7458 ],
450 : [50.4009 , 13.771	 ],
455 : [47.2946 , 13.7682 ],
460 : [44.3848 , 13.7604 ],
465 : [41.734 , 13.8596	 ],
470 : [39.2299 , 13.7836 ],
475 : [36.9223 , 13.7173 ],
480 : [34.7729 , 13.7767 ],
485 : [32.7265 , 13.8065 ],
490 : [30.8133 , 13.6781 ],
495 : [29.0606 , 13.7001 ],
500 : [27.4171 , 13.6843 ],
505 : [25.8591 , 13.6726 ],
510 : [24.4095 , 13.6471 ],
515 : [23.0195 , 13.8083 ],
520 : [21.7643 , 13.7462 ],
525 : [20.5106 , 13.7124 ],
530 : [19.4189 , 13.8652 ],
535 : [18.3635 , 13.7629 ],
540 : [17.4166 , 13.5766 ],
545 : [16.4219 , 13.7981 ],
550 : [15.5705 , 13.6046 ],
555 : [14.7736 , 13.7213 ],
560 : [13.9732 , 13.9263 ],
565 : [13.2291 , 13.686	 ],
570 : [12.5756 , 13.4127 ],
575 : [11.9324 , 13.9887 ],
580 : [11.2814 , 13.7528 ],
585 : [10.7311 , 13.3747 ],
590 : [10.1857 , 14.0044 ],
595 : [9.68722 , 13.7127 ],
600 : [9.20353 , 13.7185 ],
605 : [8.74315 , 13.7502 ],
610 : [8.30988 , 13.6818 ],
615 : [7.9012 , 13.7122	 ],
620 : [7.51811 , 13.6123 ],
625 : [7.15194 , 13.6874 ],
630 : [6.80558 , 13.6655 ],
635 : [6.47541 , 13.6459 ],
640 : [6.17196 , 13.6449 ],
645 : [5.87366 , 13.6392 ],
650 : [5.60048 , 13.6262 ],
655 : [5.33799 , 13.7031 ],
660 : [5.09822 , 13.7329 ],
665 : [4.86409 , 13.7702 ],
670 : [4.64349 , 13.8022 ],
675 : [4.43132 , 13.8749 ],
680 : [4.23046 , 13.9166 ],
685 : [4.03841 , 13.9934 ],
690 : [3.85666 , 13.9917 ],
695 : [3.68567 , 14.0759 ],
700 : [3.5251 , 14.1034	 ],
705 : [3.3737 , 14.1609	 ],
710 : [3.22336 , 14.1972 ],
715 : [3.0811 , 14.2311	 ],
720 : [2.9509 , 14.2518	 ],
725 : [2.81957 , 14.3333 ],
730 : [2.7 , 14.3772	 ],
735 : [2.57737 , 14.4452 ],
740 : [2.47729 , 14.4485 ],
745 : [2.3661 , 14.5381	 ],
750 : [2.26585 , 14.5653 ],
755 : [2.17436 , 14.5861 ],
760 : [2.08446 , 14.6279 ],
765 : [1.99341 , 14.7278 ],
770 : [1.91352 , 14.7424 ],
775 : [1.83188 , 14.7835 ],
780 : [1.76145 , 14.8078 ],
785 : [1.68078 , 14.8956 ],
790 : [1.62071 , 14.9017 ],
795 : [1.54896 , 14.9976 ],
800 : [1.4891 , 15.0167	 ],
805 : [1.42888 , 15.0599 ],
810 : [1.36759 , 15.1122 ],
815 : [1.31749 , 15.1184 ],
820 : [1.26659 , 15.1928 ],
825 : [1.2167 , 15.2141	 ],
830 : [1.16617 , 15.2437 ],
835 : [1.12555 , 15.3009 ],
840 : [1.07523 , 15.367	 ],
845 : [1.03426 , 15.4018 ],
850 : [0.996137 , 15.4252],
855 : [0.957975 , 15.4597],
860 : [0.921447 , 15.5362],
865 : [0.885917 , 15.5643],
870 : [0.852433 , 15.6368],
875 : [0.820259 , 15.6742],
880 : [0.788789 , 15.6746],
885 : [0.759346 , 15.7507],
890 : [0.731213 , 15.7879],
895 : [0.703532 , 15.8276],
900 : [0.677478 , 15.8762],
905 : [0.652317 , 15.914 ],
910 : [0.627695 , 15.9569],
915 : [0.605596 , 15.9838],
920 : [0.58302 , 16.029	 ],
925 : [0.561889 , 16.0626],
930 : [0.540533 , 16.1499],
935 : [0.521159 , 16.1607],
940 : [0.501865 , 16.245 ],
945 : [0.483546 , 16.2492],
950 : [0.466352 , 16.3378],
955 : [0.45012 , 16.3303 ],
960 : [0.433842 , 16.4161],
965 : [0.418744 , 16.4473],
970 : [0.403514 , 16.4538],
975 : [0.389266 , 16.5308],
980 : [0.375053 , 16.5398],
985 : [0.36182 , 16.619	 ],
995 : [  0.337454 , 16.6888],
1000 : [ 0.325388 , 16.758],
1005 : [ 0.314329 , 16.7865],
1010 : [ 0.30314 , 16.8766],
1015 : [ 0.292987 , 16.8793],
1020 : [ 0.282927 , 16.9098],
1025 : [ 0.272778 , 16.9917],
1030 : [ 0.263724 , 17.0244],
1035 : [ 0.254721 , 17.0758],
1040 : [ 0.245426 , 17.1325],
1045 : [ 0.237403 , 17.1542],
1050 : [ 0.229367 , 17.1975],
1055 : [ 0.221273 , 17.2482],
1060 : [ 0.214167 , 17.3167],
1065 : [ 0.207025 , 17.3211],
1070 : [ 0.199967 , 17.3603],
1075 : [ 0.193881 , 17.4329],
1080 : [ 0.186836 , 17.4816],
1085 : [ 0.180783 , 17.5245],
1090 : [ 0.174652 , 17.5336],
1095 : [ 0.168526 , 17.6231],
1100 : [ 0.163491 , 17.6402],
1105 : [ 0.158451 , 17.6564],
1110 : [ 0.153298 , 17.7266],
1115 : [ 0.148246 , 17.7755],
1120 : [ 0.143169 , 17.813],
1125 : [ 0.139009 , 17.8569],
1130 : [ 0.133972 , 17.9205],
1135 : [ 0.129938 , 17.938],
1140 : [ 0.125799 , 17.9658],
1145 : [ 0.121755 , 18.0222],
1150 : [ 0.117687 , 18.0655],
1155 : [ 0.11358 , 18.1327],
1160 : [ 0.110557 , 18.1465],
1165 : [ 0.107532 , 18.1655],
1170 : [ 0.10339 , 18.2421],
1175 : [ 0.10036 , 18.2686],
1180 : [ 0.0971485 , 18.3142],
1185 : [ 0.0942072 , 18.3623],
1190 : [ 0.0912756 , 18.3957],
1195 : [ 0.0883712 , 18.4467],
1200 : [ 0.0856418 , 18.4814],
1205 : [ 0.0830236 , 18.5276],
1210 : [ 0.0804313 , 18.5714],
1215 : [ 0.0779039 , 18.6096],
1220 : [ 0.0755801 , 18.6429],
1225 : [ 0.0732255 , 18.7227],
1230 : [ 0.0709683 , 18.7266],
1235 : [ 0.0688462 , 18.7544],
1240 : [ 0.0666928 , 18.8404],
1245 : [ 0.0646423 , 18.8414],
1250 : [ 0.0627027 , 18.9328],
1255 : [ 0.0607803 , 18.9693],
1260 : [ 0.0589319 , 18.9695],
1265 : [ 0.0571859 , 19.0561],
1270 : [ 0.0554225 , 19.1806],
1275 : [ 0.0536906 , 19.2452],
1280 : [ 0.052051 , 19.2396],
1285 : [ 0.0504982 , 19.3577],
1290 : [ 0.0489404 , 19.4903],
1295 : [ 0.047474 , 19.5871],
1300 : [ 0.0460525 , 19.64],
1305 : [ 0.0447038 , 19.7627],
1310 : [ 0.0433373 , 19.8601],
1315 : [ 0.0420362 , 19.8634],
1320 : [ 0.0407723 , 19.9586],
1325 : [ 0.0395728 , 19.951],
1330 : [ 0.0383587 , 19.993],
1335 : [ 0.0372043 , 20.1012],
1340 : [ 0.0361694 , 20.2191],
1345 : [ 0.0350586 , 20.1714],
1350 : [ 0.0340187 , 20.3088],
1355 : [ 0.0330251 , 20.2807],
1360 : [ 0.0320787 , 20.3682],
1365 : [ 0.0311325 , 20.5466],
1370 : [ 0.0302294 , 20.4724],
1375 : [ 0.0292919 , 20.6217],
1380 : [ 0.0284627 , 20.7773],
1385 : [ 0.0276679 , 20.6729],
1390 : [ 0.0268339 , 20.8251],
1395 : [ 0.0260313 , 20.7488],
1400 : [ 0.0252977 , 20.9163],
1405 : [ 0.0245679 , 21.0704],
1410 : [ 0.0238741 , 20.9586],
1415 : [ 0.0231433 , 21.1204],
1420 : [ 0.0225194 , 21.2481],
1425 : [ 0.0218959 , 21.4183],
1430 : [ 0.0211928 , 21.365],
1435 : [ 0.0206244 , 21.7574],
1440 : [ 0.0200458 , 21.6629],
1445 : [ 0.0194648 , 21.5531],
1450 : [ 0.0188887 , 21.9548],
1455 : [ 0.018364 , 22.1266],
1460 : [ 0.0178858 , 22.0054],
1465 : [ 0.0173622 , 22.1916],
1470 : [ 0.0168403 , 22.3972],
1475 : [ 0.0163556 , 22.2173],
1480 : [ 0.0159386 , 22.3581],
1485 : [ 0.0154568 , 22.2281],
1490 : [ 0.0150345 , 22.4111],
1495 : [ 0.0146102 , 22.5293],
1500 : [ 0.0141903 , 22.7296],
1505 : [ 0.01377 , 22.9402],
1510 : [ 0.0133923 , 22.6528],
1515 : [ 0.0130286 , 23.2697],
1520 : [ 0.012649 , 23.0194],
1525 : [ 0.0123374 , 23.1801],
1530 : [ 0.0119628 , 22.9449],
1535 : [ 0.0116378 , 23.1293],
1540 : [ 0.0113183 , 23.3535],
1545 : [ 0.0110039 , 23.456],
1550 : [ 0.0107027 , 23.4971],
1555 : [ 0.0103967 , 23.505],
1560 : [ 0.0101149 , 23.6723],
1565: [0.00984079 , 23.74],
1570: [0.00956216 , 23.80],
1575: [0.00930893 , 23.87],
1580: [0.00905112 , 23.91],
1585: [0.00880102 , 24.08],
1590: [0.00856388 , 24.10],
1595: [0.00832287 , 24.20],
1600: [0.00810078 , 24.26],
1605: [0.0078785 , 24.332],
1610: [0.00767087 , 24.48],
2185: [0.000387227 , 35.7],
2190: [0.000377685 , 35.6],
2195: [0.00036824 , 35.90],
2200: [0.000359318 , 35.9],
2205: [0.000350402 , 36.0],
2210: [0.000342071 , 36.2],
2215: [0.000333108 , 36.3],
2220: [0.000325306 , 36.3],
2225: [0.000316997 , 36.5],
2230: [0.000309731 , 36.7],
2235: [0.000301864 , 36.7],
2240: [0.000294675 , 36.9],
2245: [0.000287398 , 37.1],
2250: [0.00028065 , 37.14],
2255: [0.000273425 , 37.3],
2260: [0.000266633 , 37.3],
2265: [0.000260448 , 37.5],
2270: [0.000254453 , 37.7],
2275: [0.000248358 , 37.8],
2280: [0.00024216 , 38.07],
2285: [0.000235996 , 38.2],
2290: [0.000230291 , 38.1],
2295: [0.000224084 , 38.4],
2300: [0.000219049 , 38.5],
2305: [0.000214032 , 38.6],
2310: [0.000208248 , 38.6],
2315: [0.000203199 , 38.7],
2320: [0.00019809 , 38.91],
2325: [0.000193715 , 39.2],
2330: [0.000189162 , 39.1],
2335: [0.000184075 , 39.3],
2340: [0.000180106 , 39.3],
2345: [0.000175678 , 39.8],
2350: [0.000171031 , 39.6],
2355: [0.000167051 , 39.7],
2360: [0.000163052 , 39.8],
2365: [0.000159079 , 39.8],
2370: [0.000155058 , 40.0],
2375: [0.000151091 , 40.0],
2380: [0.000147865 , 40.4],
2385: [0.000143836 , 40.6],
2390: [0.00014101 , 40.55],
2395: [0.000137035 , 40.6],
2400: [0.000133965 , 40.7],
2405: [0.000130879 , 40.9],
2410: [0.000127783 , 41.1],
2415: [0.0001241 , 40.956],
2420: [0.000121089 , 41.0],
2425: [0.000118777 , 41.5],
2430: [0.000115804 , 41.5],
2435: [0.00011285 , 41.64],
2440: [0.000109965 , 41.6],
2445: [0.000107077 , 41.6],
2450: [0.000104886 , 41.9],
2455: [0.000102035 , 41.9],
2460: [9.97969e-05 , 42.1],
2465: [9.73046e-05 , 42.2],
2470: [9.50093e-05 , 42.3],
2475: [9.26878e-05 , 42.5],
2480: [9.04143e-05 , 42.5],
2485: [8.82972e-05 , 42.8],
2490: [8.61566e-05 , 42.8],
2495: [8.40135e-05 , 42.9],
2500: [8.20068e-05 , 43.1],
2505: [8.00048e-05 , 43.2],
2510: [7.81237e-05 , 43.3],
2515: [7.62249e-05 , 43.4],
2520: [7.43669e-05 , 43.5],
2525: [7.25103e-05 , 43.7],
2530: [7.08326e-05 , 43.9],
2535: [6.91512e-05 , 43.9],
2540: [6.74523e-05 , 44.0],
2545: [6.57976e-05 , 44.1],
2550: [6.42534e-05 , 44.3],
2555: [6.26926e-05 , 44.4],
2560: [6.11929e-05 , 44.5],
2565: [5.96882e-05 , 44.7],
2570: [5.82621e-05 , 44.9],
2575: [5.67937e-05 , 44.9],
2580: [5.54544e-05 , 45.1],
2585: [5.41303e-05 , 45.2],
2590: [5.28013e-05 , 45.3],
2595: [5.15257e-05 , 45.5],
2600: [5.03066e-05 , 45.6],
2605: [4.90915e-05 , 45.8],
2610: [4.79282e-05 , 45.9],
2615: [4.67741e-05 , 46.1],
2620: [4.55954e-05 , 46.1],
2625: [4.44978e-05 , 46.3],
2630: [4.3506e-05 , 46.46],
2635: [4.23826e-05 , 46.6],
2640: [4.14053e-05 , 46.7],
2645: [4.0404e-05 , 46.86],
2650: [3.93955e-05 , 46.9],
2655: [3.84871e-05 , 47.2],
2660: [3.75902e-05 , 47.3],
2665: [3.66599e-05 , 47.5],
2670: [3.57884e-05 , 47.6],
2675: [3.48943e-05 , 47.7],
2680: [3.40897e-05 , 47.9],
2685: [3.31887e-05 , 48.0],
2690: [3.24111e-05 , 48.0],
2695: [3.16719e-05 , 48.4],
2700: [3.08937e-05 , 48.4],
2705: [3.01877e-05 , 48.5],
2710: [2.94115e-05 , 48.6],
2715: [2.8704e-05 , 48.76],
2720: [2.80001e-05 , 48.9],
2725: [2.73257e-05 , 48.9],
2730: [2.66994e-05 , 49.2],
2735: [2.60266e-05 , 49.2],
2740: [2.53885e-05 , 49.5],
2745: [2.47946e-05 , 49.7],
2750: [2.41975e-05 , 49.7],
2755: [2.36058e-05 , 49.9],
2760: [2.30057e-05 , 50.0],
2765: [2.24532e-05 , 49.9],
2770: [2.19257e-05 , 50.2],
2775: [2.14479e-05 , 50.2],
2780: [2.09194e-05 , 50.5],
2785: [2.0365e-05 , 50.40],
2790: [1.99069e-05 , 50.9],
2795: [1.94274e-05 , 50.9],
2800: [1.89382e-05 , 50.9],
2805: [1.84485e-05 , 50.9],
2810: [1.80387e-05 , 51.2],
2815: [1.76254e-05 , 51.4],
2820: [1.71424e-05 , 51.5],
2825: [1.67221e-05 , 51.7],
2830: [1.63365e-05 , 51.7],
2835: [1.59378e-05 , 51.9],
2840: [1.56117e-05 , 52.2],
2845: [1.5223e-05 , 52.34],
2850: [1.48268e-05 , 52.4],
2855: [1.45152e-05 , 52.7],
2860: [1.41249e-05 , 52.7],
2865: [1.38168e-05 , 52.9],
2870: [1.34323e-05 , 52.9],
2875: [1.312e-05 , 53.160],
2880: [1.2819e-05 , 53.34],
2885: [1.25112e-05 , 53.5],
2890: [1.22184e-05 , 53.6],
2895: [1.19142e-05 , 53.7],
2900: [1.16193e-05 , 53.9],
2905: [1.13278e-05 , 54.0],
2910: [1.10278e-05 , 54.0],
2915: [1.08166e-05 , 54.4],
2920: [1.05223e-05 , 54.4],
2925: [1.0311e-05 , 54.79],
2930: [1.00202e-05 , 54.7],
2935: [9.78277e-06 , 54.9],
2940: [9.54703e-06 , 55.0],
2945: [9.31052e-06 , 55.2],
2950: [9.08571e-06 , 55.3],
2955: [8.86031e-06 , 55.4],
2960: [8.64342e-06 , 55.6],
2965: [8.42871e-06 , 55.7],
2970: [8.2237e-06 , 55.83],
2975: [8.02438e-06 , 56.0],
2980: [7.82636e-06 , 56.1],
2985: [7.63385e-06 , 56.2],
2990: [7.44713e-06 , 56.3],
2995: [7.26256e-06 , 56.4],
3000: [7.08299e-06 , 56.6]}
